483.32
563.33
541.41
490.11
493.90
492.28
499.27
480.63
539.27
495.06
537.39
512.88
531.95
523.27
509.42
464.25
481.43
548.30
513.52
544.38
510.70
498.08
531.18
554.54
523.75
497.27
488.03
493.65
516.84
481.92
532.93
525.90
485.93
493.87
441.38
523.69
533.16
524.37
515.12
504.10
462.34
532.14
466.40
592.97
531.14
513.62
498.96
517.26
514.69
546.31
550.40
511.15
491.81
541.57
527.41
511.25
523.65
492.31
490.33
557.20
516.02
515.84
536.92
491.14
487.49
503.46
518.59
527.46
491.56
578.74
493.20
524.34
529.08
541.42
492.84
530.95
519.87
548.29
454.72
503.95
465.55
567.94
472.33
483.55
502.09
487.27
485.82
503.43
493.51
473.09
510.42
513.55
534.86
478.55
481.67
577.40
509.99
557.17
509.35
516.31
