512.78
505.91
486.73
504.97
464.23
481.15
459.45
476.82
491.83
451.26
454.95
507.28
507.61
470.35
494.07
500.08
442.82
457.29
495.76
499.25
489.92
492.42
504.90
483.00
520.51
466.24
480.27
523.55
510.26
542.08
462.77
522.50
492.34
480.25
476.81
484.14
505.65
485.81
511.44
483.75
514.47
524.73
493.07
466.43
507.25
512.01
432.70
503.99
491.12
464.31
504.71
463.70
512.20
485.79
511.35
480.55
493.12
499.98
462.99
506.08
451.61
470.99
503.30
477.27
541.05
502.93
502.48
438.54
501.99
515.72
477.82
505.90
510.43
501.53
487.96
468.76
502.29
477.31
468.45
504.95
489.28
475.02
472.95
487.82
483.52
501.89
466.21
478.96
474.49
502.09
491.83
521.54
508.87
465.88
483.27
506.85
455.02
456.14
475.54
491.94
